        soln	        time	          pH	          pe	    reaction	        temp	    mass_H2O	     pct_err	si_Aragonite	  si_Calcite	 si_Dolomite	si_Rhodochrosite	 si_Siderite	si_Strontianite	
           1	         -99	           7	           4	         -99	      25.000	           1	   -0.604265	   -999.9990	   -999.9990	   -999.9990	   -999.9990	   -999.9990	   -999.9990	
           1	           0	     9.98726	    -6.78273	         -99	      25.000	    0.999998	-0.000198218	     -0.1438	      0.0000	      0.0000	      0.0000	      0.0000	      0.0000	
           2	         -99	         5.7	           4	         -99	      25.000	           1	 2.56027e-14	     -1.4078	     -1.2641	     -4.0313	     -1.8503	     -2.4666	     -2.5990	
           1	           0	     6.08013	   -0.909822	         -99	      25.000	    0.999998	-9.82707e-07	     -1.6145	     -1.4708	     -4.3827	     -1.9819	     -2.5044	     -2.7579	
           3	           0	     6.25493	     -3.6399	         -99	     150.000	    0.999997	  -9.831e-07	     -0.0625	      0.0000	     -2.7441	     -1.8558	     -2.1932	     -1.6286	
           3	           0	     6.25577	    -3.55794	         -99	     150.000	    0.999998	-9.85616e-07	     -0.0733	      0.0000	     -2.7569	     -1.8657	     -2.2163	     -1.5975	
           3	           0	     6.25577	    -3.55794	         -99	     150.000	    0.999998	-9.85616e-07	     -0.0733	      0.0000	     -2.7569	     -1.8657	     -2.2163	     -1.5975	
           3	           0	     7.06231	    -2.33812	         -99	      25.000	    0.999988	-9.60188e-07	     -0.1438	      0.0000	     -1.4638	     -0.5565	     -1.0766	     -1.3106	





        soln	        time	          pH	          pe	    reaction	        temp	press	    mass_H2O	     pct_err	si_Aragonite	  si_Calcite	 si_Dolomite	
           1	         -99	           7	           4	         -99	      25.000	 -   	        1	   -0.604265	   -999.9990	   -999.9990	   -999.9990	
           1	           0	     9.97699	    -4.71083	         -99	      25.000	 -  	 0.999998	-0.000206164	     -0.1438	      0.0000	      0.0000	
           2	         -99	         5.7	           4	         -99	      25.000	 -   	      1	 	2.56027e-14	     -1.4078	     -1.2641	     -4.0313	
           1	           0	     6.06874	   -0.960122	         -99	      25.000	 - 	0.999998	-9.82929e-07	     -1.6342	     -1.4904	     -4.4183	
           3	           0	     6.12786	    -3.39132	         -99	     150.000	 500   	0.999998	-9.85373e-07	     -0.2833	     -0.2208	     -3.1787	
           3	           0	     6.25578	    -3.50899	         -99	     150.000	 200  	0.999998	-9.85609e-07	     -0.0727	      0.0006	     -2.7522	
           3	           0	     6.25578	    -3.50899	         -99	     150.000	 200   	0.999998	-9.85609e-07	     -0.0727	      0.0006	     -2.7522	
           3	           0	     6.06874	   -0.960122	         -99	      25.000	  1  	0.999998	 -9.8293e-07	     -1.6342	     -1.4904	     -4.4183	
